cod_mun7	municipio	abertura_rank	arrecadacao_rank	bancaria_rank	empregos_rank	indica_rank
2924108	Pedrão	0.0000	0.4130	0.0000	0.4258	0.2097
2919009	Lajedinho	0.0000	0.4690	0.0000	0.3786	0.2119
2911253	Gavião	0.0000	0.4122	0.0000	0.4383	0.2126
2906899	Caraíbas	0.0000	0.4918	0.0000	0.3598	0.2129
2912608	Ibiquera	0.0000	0.4562	0.0000	0.3976	0.2135
2918704	Lafaiete Coutinho	0.0000	0.4226	0.0000	0.4441	0.2167
2910206	Dom Macedo Costa	0.0000	0.4536	0.0000	0.4205	0.2185
2907558	Caturama	0.0000	0.4745	0.0000	0.4014	0.2190
2919108	Lamarão	0.0000	0.4427	0.0000	0.4458	0.2221
2907400	Catolândia	0.0000	0.4606	0.0000	0.4330	0.2234
2900900	Almadina	0.0000	0.4416	0.0000	0.4546	0.2241
2915908	Itanagra	0.0000	0.4595	0.0000	0.4431	0.2256
2903953	Bom Jesus da Serra	0.0000	0.4526	0.0000	0.4525	0.2263
2909505	Cravolândia	0.0000	0.4622	0.0000	0.4455	0.2269
2921450	Mirante	0.0000	0.4810	0.0000	0.4297	0.2277
2922805	Nova Itarana	0.0000	0.4671	0.0000	0.4475	0.2286
2900603	Aiquara	0.0000	0.4554	0.0000	0.4613	0.2292
2928307	Santanópolis	0.0000	0.4805	0.0000	0.4411	0.2304
2919603	Macajuba	0.0000	0.4838	0.0000	0.4379	0.2304
2922201	Muniz Ferreira	0.0000	0.4740	0.0000	0.4482	0.2306
2902302	Aratuípe	0.0000	0.4734	0.0000	0.4493	0.2307
2921609	Morpará	0.0000	0.4763	0.0000	0.4517	0.2320
2908804	Contendas do Sincorá	0.0000	0.4955	0.0000	0.4328	0.2321
2929354	São José da Vitória	0.0000	0.4733	0.0000	0.4592	0.2331
2916708	Itaquara	0.0000	0.4738	0.0000	0.4600	0.2335
2903102	Barra do Rocha	0.0000	0.4434	0.0000	0.4934	0.2342
2910776	Feira da Mata	0.0000	0.5057	0.0000	0.4316	0.2343
2915700	Itamari	0.0000	0.4759	0.0000	0.4618	0.2344
2919959	Maetinga	0.0000	0.5073	0.0000	0.4308	0.2345
2901502	Anguera	0.0000	0.4751	0.0000	0.4640	0.2348
2900504	Érico Cardoso	0.0000	0.4936	0.0000	0.4455	0.2348
2913309	Ichu	0.0000	0.4987	0.0000	0.4409	0.2349
2914208	Irajuba	0.0000	0.4880	0.0000	0.4523	0.2351
2910909	Firmino Alves	0.0000	0.4740	0.0000	0.4671	0.2353
2920452	Mansidão	0.0000	0.4849	0.0000	0.4577	0.2357
2922854	Nova Redenção	0.0000	0.4793	0.0000	0.4636	0.2357
2911501	Gongogi	0.0000	0.4795	0.0000	0.4642	0.2359
2918555	Jussari	0.0000	0.4719	0.0000	0.4753	0.2368
2933257	Vereda	0.0000	0.4983	0.0000	0.4500	0.2371
2910305	Elísio Medrado	0.0000	0.5140	0.0000	0.4376	0.2379
2901957	Apuarema	0.0000	0.5124	0.0000	0.4427	0.2388
2917904	Jandaíra	0.0000	0.4797	0.0000	0.4756	0.2388
2901700	Antônio Cardoso	0.0000	0.4708	0.0000	0.4846	0.2388
2915353	Itaguaçu da Bahia	0.0000	0.4970	0.0000	0.4589	0.2390
2924702	Piripá	0.0000	0.5047	0.0000	0.4539	0.2396
2919900	Macururé	0.0000	0.4687	0.0000	0.4915	0.2400
2923050	Novo Triunfo	0.0000	0.4854	0.0000	0.4767	0.2405
2905156	Caetanos	0.0000	0.5208	0.0000	0.4423	0.2408
2918456	Jucuruçu	0.0000	0.4901	0.0000	0.4742	0.2411
2914307	Iramaia	0.0000	0.4918	0.0000	0.4727	0.2411
2924678	Piraí do Norte	0.0000	0.5021	0.0000	0.4664	0.2421
2923308	Ouriçangas	0.0000	0.5131	0.0000	0.4571	0.2426
2921054	Matina	0.0000	0.5082	0.0000	0.4632	0.2428
2907004	Cardeal da Silva	0.0000	0.5207	0.0000	0.4517	0.2431
2904407	Brejolândia	0.0000	0.5166	0.0000	0.4569	0.2434
2933174	Varzedo	0.0000	0.5008	0.0000	0.4753	0.2440
2930758	Sítio do Mato	0.0000	0.4881	0.0000	0.4897	0.2444
2901809	Antônio Gonçalves	0.0000	0.5054	0.0000	0.4731	0.2446
2920809	Marcionílio Souza	0.0000	0.5041	0.0000	0.4774	0.2454
2903235	Barro Alto	0.0000	0.5020	0.0000	0.4795	0.2454
2918605	Jussiape	0.0000	0.5462	0.0000	0.4374	0.2459
2902252	Arataca	0.0000	0.4951	0.0000	0.4895	0.2462
2906105	Canápolis	0.0000	0.5046	0.0000	0.4803	0.2462
2902658	Banzaê	0.0000	0.5098	0.0000	0.4766	0.2466
2905503	Caldeirão Grande	0.0000	0.5045	0.0000	0.4826	0.2468
2926657	Ribeirão do Largo	0.0000	0.4948	0.0000	0.4933	0.2470
2919058	Lajedo do Tabocal	0.0000	0.5159	0.0000	0.4739	0.2475
2928950	São Domingos	0.0000	0.5348	0.0000	0.4557	0.2476
2909000	Cordeiros	0.0000	0.5234	0.0000	0.4696	0.2482
2903300	Barro Preto	0.0000	0.5184	0.0000	0.4764	0.2487
2925931	Quixabeira	0.0000	0.5215	0.0000	0.4745	0.2490
2929370	São José do Jacuípe	0.0000	0.5359	0.0000	0.4626	0.2496
2923902	Pau Brasil	0.0000	0.5111	0.0000	0.4914	0.2506
2928505	Santa Terezinha	0.0000	0.5342	0.0000	0.4700	0.2510
2924652	Pintadas	0.0000	0.5219	0.0000	0.4827	0.2512
2900108	Abaíra	0.0000	0.5185	0.0000	0.4874	0.2515
2911659	Guajeru	0.0000	0.5410	0.0000	0.4655	0.2516
2930006	Sebastião Laranjeiras	0.0000	0.5289	0.0000	0.4784	0.2518
2922052	Mulungu do Morro	0.0000	0.5259	0.0000	0.4848	0.2527
2906857	Capela do Alto Alegre	0.0000	0.5301	0.0000	0.4816	0.2529
2909703	Cristópolis	0.0000	0.5453	0.0000	0.4666	0.2530
2906824	Canudos	0.0000	0.5338	0.0000	0.4789	0.2532
2920403	Manoel Vitorino	0.0000	0.5265	0.0000	0.4890	0.2539
2930766	Sítio do Quinto	0.0000	0.5314	0.0000	0.4844	0.2539
2913002	Ibitiara	0.0000	0.5507	0.0000	0.4659	0.2541
2915007	Itaeté	0.0000	0.5375	0.0000	0.4834	0.2552
2922730	Nova Fátima	0.0000	0.5646	0.0000	0.4604	0.2562
2928059	Santa Luzia	0.0000	0.5326	0.0000	0.4937	0.2566
2918209	Jiquiriçá	0.0000	0.5353	0.0000	0.4916	0.2567
2924058	Pé de Serra	0.0000	0.5413	0.0000	0.4876	0.2572
2911857	Heliópolis	0.0000	0.5486	0.0000	0.4815	0.2575
2923035	Novo Horizonte	0.0000	0.5782	0.0000	0.4528	0.2577
2933059	Várzea da Roça	0.0000	0.5372	0.0000	0.4973	0.2586
2929404	São Miguel das Matas	0.0000	0.5543	0.0000	0.4809	0.2588
2933158	Várzea Nova	0.0000	0.5491	0.0000	0.4863	0.2588
2922755	Nova Ibiá	0.0000	0.5852	0.0000	0.4509	0.2590
2902054	Araçás	0.0000	0.5387	0.0000	0.4997	0.2596
2929750	Saubara	0.0000	0.5595	0.0000	0.4824	0.2605
2927309	Salinas da Margarida	0.0000	0.5466	0.0000	0.4980	0.2611
2933109	Várzea do Poço	0.0000	0.5958	0.0000	0.4495	0.2613
2918753	Lagoa Real	0.0000	0.5649	0.0000	0.4816	0.2616
2911402	Glória	0.0000	0.5480	0.0000	0.4993	0.2618
2925956	Rafael Jambeiro	0.0000	0.5315	0.0000	0.5179	0.2624
2912509	Ibipitanga	0.0000	0.5720	0.0000	0.4778	0.2625
2902401	Aurelino Leal	0.0000	0.5534	0.0000	0.4966	0.2625
2904852	Cabaceiras do Paraguaçu	0.0000	0.5413	0.0000	0.5089	0.2625
2932457	Umburanas	0.0000	0.5824	0.0000	0.4718	0.2635
2902005	Aracatu	0.0000	0.5367	0.0000	0.5211	0.2645
2920908	Mascote	0.0000	0.5512	0.0000	0.5068	0.2645
2922250	Muquém do São Francisco	0.0000	0.5671	0.0000	0.4917	0.2647
2910859	Filadélfia	0.0000	0.5619	0.0000	0.5039	0.2665
2909406	Cotegipe	0.0000	0.5927	0.0000	0.4840	0.2692
2916302	Itapebi	0.0000	0.5887	0.0000	0.4934	0.2705
2910750	Fátima	0.0000	0.5793	0.0000	0.5043	0.2709
2931509	Teofilândia	0.0000	0.5653	0.0000	0.5236	0.2722
2930907	Tabocas do Brejo Velho	0.0570	0.5448	0.0000	0.4939	0.2739
2906204	Canarana	0.0000	0.5815	0.0000	0.5272	0.2772
2920700	Maraú	0.0000	0.5705	0.0000	0.5460	0.2791
2902203	Aramari	0.0000	0.6321	0.0000	0.4899	0.2805
2911303	Gentio do Ouro	0.1539	0.5161	0.0000	0.4661	0.2840
2905404	Cairu	0.0000	0.5815	0.0000	0.5783	0.2899
2901353	Andorinha	0.0000	0.6474	0.0000	0.5529	0.3001
2918902	Lajedão	0.0000	0.7223	0.0000	0.4981	0.3051
2922656	Nordestina	0.2358	0.5225	0.0000	0.4733	0.3079
2913408	Igaporã	0.1802	0.5803	0.0000	0.5009	0.3153
2917805	Jaguaripe	0.3753	0.5239	0.0000	0.4978	0.3492
2931707	Terra Nova	0.3745	0.5645	0.0000	0.5329	0.3680
2924900	Planaltino	0.0000	0.4884	0.6285	0.4334	0.3876
2927804	Santa Cruz da Vitória	0.0000	0.4943	0.6058	0.4606	0.3902
2913457	Igrapiúna	0.3348	0.6914	0.0000	0.5495	0.3939
2907707	Chorrochó	0.0000	0.4841	0.6421	0.4566	0.3957
2929057	São Félix do Coribe	0.4599	0.5992	0.0000	0.5322	0.3978
2910008	Dário Meira	0.0000	0.4857	0.6196	0.4890	0.3985
2904803	Caatiba	0.0000	0.4734	0.6284	0.4924	0.3986
2906402	Candeal	0.0000	0.4792	0.6653	0.4580	0.4006
2933406	Wagner	0.0000	0.4965	0.6616	0.4473	0.4014
2904506	Brotas de Macaúbas	0.0000	0.5120	0.6446	0.4536	0.4026
2931400	Teodoro Sampaio	0.0000	0.4846	0.6663	0.4673	0.4046
2911006	Floresta Azul	0.0000	0.5639	0.5909	0.4680	0.4057
2929255	São Gabriel	0.0000	0.5398	0.6092	0.4794	0.4071
2905107	Caém	0.0000	0.4921	0.6632	0.4745	0.4074
2916609	Itapitanga	0.0000	0.4791	0.6540	0.4972	0.4076
2924207	Pedro Alexandre	0.0000	0.5109	0.6229	0.4968	0.4077
2901155	América Dourada	0.0000	0.4881	0.6589	0.4857	0.4082
2920304	Malhada de Pedras	0.0000	0.5169	0.6565	0.4653	0.4097
2927101	Rodelas	0.0000	0.5377	0.6523	0.4530	0.4107
2925709	Presidente Jânio Quadros	0.0000	0.5235	0.6671	0.4525	0.4108
2927903	Santa Inês	0.0000	0.5277	0.6562	0.4646	0.4122
2910107	Dom Basílio	0.0000	0.5751	0.6024	0.4718	0.4123
2913804	Ipecaetá	0.0000	0.4937	0.6467	0.5089	0.4123
2915403	Itaju do Colônia	0.0000	0.5564	0.6205	0.4746	0.4129
2922607	Nilo Peçanha	0.0000	0.5226	0.6473	0.4831	0.4132
2904753	Buritirama	0.0000	0.5242	0.6244	0.5098	0.4146
2926509	Ribeira do Amparo	0.0000	0.4861	0.6621	0.5114	0.4149
2927606	Santa Brígida	0.0000	0.5513	0.6211	0.4877	0.4150
2925402	Potiraguá	0.0000	0.5246	0.6381	0.5015	0.4160
2931103	Tanquinho	0.0000	0.5588	0.6663	0.4453	0.4176
2909109	Coribe	0.0000	0.5430	0.6559	0.4718	0.4177
2931301	Tapiramutá	0.0000	0.5361	0.6487	0.4870	0.4179
2921302	Milagres	0.0000	0.5289	0.6388	0.5127	0.4201
2926103	Retirolândia	0.5950	0.5655	0.0000	0.5199	0.4201
2931608	Teolândia	0.0000	0.5394	0.6405	0.5012	0.4203
2918506	Jussara	0.0000	0.5419	0.6700	0.4693	0.4203
2930808	Souto Soares	0.0000	0.5330	0.6793	0.4703	0.4206
2929800	Saúde	0.0000	0.5100	0.6903	0.4839	0.4210
2912400	Ibipeba	0.0000	0.5425	0.6590	0.4848	0.4216
2904001	Boninal	0.0000	0.5205	0.6940	0.4719	0.4216
2932408	Uibaí	0.0000	0.5265	0.6856	0.4763	0.4221
2901908	Aporá	0.0000	0.5227	0.6752	0.4965	0.4236
2923506	Palmeiras	0.0000	0.5806	0.6533	0.4624	0.4241
2913101	Ibititá	0.0000	0.5218	0.6851	0.4910	0.4245
2924504	Pindaí	0.0000	0.5831	0.6543	0.4610	0.4246
2926905	Rio do Pires	0.0000	0.5504	0.6831	0.4659	0.4249
2904209	Botuporã	0.0000	0.5684	0.6882	0.4429	0.4249
2900355	Adustina	0.0000	0.5314	0.6984	0.4698	0.4249
2915106	Itagi	0.0000	0.5302	0.6775	0.4920	0.4249
2903706	Boa Nova	0.0000	0.5145	0.6892	0.4970	0.4252
2903607	Biritinga	0.0000	0.5309	0.6678	0.5022	0.4252
2907608	Central	0.0000	0.5267	0.6743	0.5009	0.4255
2915304	Itagimirim	0.0000	0.5532	0.6606	0.4885	0.4256
2917409	Jacaraci	0.0000	0.5469	0.6868	0.4704	0.4261
2903805	Boa Vista do Tupim	0.0000	0.5116	0.6747	0.5203	0.4266
2900306	Acajutiba	0.0000	0.5496	0.6688	0.4893	0.4269
2900405	Água Fria	0.0000	0.5317	0.6665	0.5102	0.4271
2930402	Serra Preta	0.0000	0.5316	0.6683	0.5098	0.4274
2901304	Andaraí	0.0000	0.5117	0.6983	0.5044	0.4286
2900207	Abaré	0.0000	0.5486	0.6453	0.5219	0.4290
2920205	Malhada	0.0000	0.5344	0.6857	0.4968	0.4292
2906600	Candiba	0.0000	0.5753	0.6998	0.4432	0.4296
2931806	Tremedal	0.0000	0.5365	0.6910	0.4915	0.4297
2925600	Presidente Dutra	0.0000	0.5587	0.6729	0.4876	0.4298
2925907	Quijingue	0.0000	0.5402	0.6646	0.5152	0.4300
2912707	Ibirapitanga	0.0000	0.5395	0.6637	0.5172	0.4301
2921401	Mirangaba	0.0000	0.5088	0.7030	0.5094	0.4303
2921807	Mortugaba	0.0000	0.5554	0.6832	0.4849	0.4309
2916906	Itiruçu	0.0000	0.5793	0.6426	0.5022	0.4310
2902500	Baianópolis	0.0000	0.5320	0.7074	0.4913	0.4327
2924306	Piatã	0.0000	0.5647	0.6801	0.4873	0.4330
2903003	Barra do Mendes	0.0000	0.5364	0.7225	0.4744	0.4333
2901601	Antas	0.0000	0.5618	0.6847	0.4881	0.4337
2930600	Serrolândia	0.0000	0.5572	0.6791	0.5002	0.4341
2916203	Itapé	0.0000	0.5462	0.6879	0.5031	0.4343
2926806	Rio do Antônio	0.0000	0.5491	0.6938	0.4960	0.4347
2917334	Iuiu	0.0000	0.5812	0.6882	0.4707	0.4350
2912004	Ibiassucê	0.0000	0.5559	0.6972	0.4911	0.4361
2924603	Pindobaçu	0.0000	0.5521	0.6847	0.5094	0.4365
2918308	Jitaúna	0.0000	0.5618	0.6764	0.5091	0.4368
2914109	Ipupiara	0.0000	0.5641	0.7050	0.4796	0.4372
2922706	Nova Canaã	0.0000	0.5215	0.7285	0.5041	0.4385
2910404	Encruzilhada	0.0000	0.5618	0.6527	0.5435	0.4395
2925253	Ponto Novo	0.0000	0.5426	0.6751	0.5403	0.4395
2907905	Cipó	0.0000	0.5659	0.6890	0.5039	0.4397
2901403	Angical	0.0000	0.5334	0.7175	0.5089	0.4399
2909208	Coronel João Sá	0.0000	0.5367	0.7086	0.5149	0.4400
2903508	Belo Campo	0.0000	0.5761	0.6947	0.4921	0.4407
2904308	Brejões	0.0000	0.6005	0.6705	0.4953	0.4416
2924801	Piritiba	0.0000	0.5648	0.7112	0.4917	0.4419
2909604	Crisópolis	0.0000	0.5592	0.6915	0.5170	0.4419
2924405	Pilão Arcado	0.0000	0.5431	0.6926	0.5328	0.4421
2933455	Wanderley	0.0000	0.5571	0.7247	0.4904	0.4431
2920106	Mairi	0.0000	0.5455	0.7122	0.5147	0.4431
2919405	Licínio de Almeida	0.0000	0.5940	0.6922	0.4877	0.4435
2926707	Rio de Contas	0.0000	0.5567	0.7418	0.4797	0.4445
2905909	Campo Alegre de Lourdes	0.0000	0.5866	0.6802	0.5115	0.4446
2902609	Baixa Grande	0.0000	0.5605	0.7128	0.5053	0.4447
2933505	Wenceslau Guimarães	0.0000	0.5554	0.7096	0.5153	0.4451
2930303	Serra Dourada	0.0000	0.5595	0.7104	0.5145	0.4461
2922102	Mundo Novo	0.0000	0.5645	0.7219	0.5026	0.4473
2923407	Palmas de Monte Alto	0.0000	0.5847	0.6910	0.5163	0.4480
2932101	Ubaíra	0.0000	0.5718	0.6983	0.5236	0.4484
2917201	Ituaçu	0.0000	0.5739	0.6739	0.5464	0.4485
2923209	Oliveira dos Brejinhos	0.0000	0.5777	0.6926	0.5255	0.4489
2919157	Lapão	0.0000	0.5833	0.6952	0.5191	0.4494
2901205	Anagé	0.0000	0.5853	0.6969	0.5164	0.4497
2929602	Sapeaçu	0.0000	0.5882	0.6808	0.5329	0.4505
2927507	Santa Bárbara	0.0000	0.5843	0.6930	0.5255	0.4507
2912806	Ibirapuã	0.0000	0.5879	0.6708	0.5462	0.4512
2918803	Laje	0.0000	0.6001	0.6841	0.5209	0.4513
2932804	Utinga	0.0000	0.5879	0.6958	0.5241	0.4519
2911808	Guaratinga	0.0000	0.5767	0.6908	0.5449	0.4531
2916500	Itapicuru	0.0000	0.6050	0.6665	0.5460	0.4544
2923704	Paratinga	0.0000	0.5842	0.7027	0.5333	0.4550
2908309	Conceição do Almeida	0.0000	0.5841	0.6882	0.5484	0.4552
2919702	Macarani	0.0000	0.5556	0.7131	0.5526	0.4553
2908002	Coaraci	0.0000	0.5547	0.7161	0.5513	0.4555
2904704	Buerarema	0.0000	0.6048	0.6988	0.5232	0.4567
2932002	Uauá	0.0000	0.5717	0.7142	0.5416	0.4569
2908101	Cocos	0.0000	0.6003	0.6861	0.5418	0.4571
2923100	Olindina	0.0000	0.6159	0.6920	0.5214	0.4573
2932606	Urandi	0.0000	0.6110	0.7092	0.5110	0.4578
2929008	São Félix	0.0000	0.5628	0.7012	0.5688	0.4582
2931053	Tanque Novo	0.0000	0.6350	0.7029	0.4958	0.4584
2925006	Planalto	0.0000	0.5887	0.6935	0.5524	0.4587
2903276	Barrocas	0.7238	0.5773	0.0000	0.5366	0.4594
2907103	Carinhanha	0.0000	0.5974	0.7145	0.5282	0.4600
2903409	Belmonte	0.0000	0.6025	0.6935	0.5444	0.4601
2912301	Ibicuí	0.0000	0.6066	0.7074	0.5298	0.4609
2916104	Itaparica	0.0000	0.5837	0.7040	0.5579	0.4614
2900801	Alcobaça	0.0000	0.6150	0.7314	0.4997	0.4615
2908705	Condeúba	0.0000	0.5801	0.7275	0.5391	0.4617
2930774	Sobradinho	0.0000	0.6019	0.6971	0.5488	0.4619
2918357	João Dourado	0.0000	0.6063	0.7062	0.5357	0.4621
2917003	Itiúba	0.0000	0.5669	0.7258	0.5571	0.4624
2906808	Cansanção	0.0000	0.5891	0.7044	0.5564	0.4624
2930154	Serra do Ramalho	0.0000	0.5772	0.7138	0.5657	0.4642
2929107	São Felipe	0.0000	0.6259	0.6920	0.5408	0.4647
2906709	Cândido Sales	0.0000	0.6107	0.7122	0.5365	0.4649
2916005	Itanhém	0.0000	0.5962	0.7377	0.5269	0.4652
2932705	Uruçuca	0.0000	0.6423	0.6782	0.5410	0.4653
2931004	Tanhaçu	0.0000	0.5966	0.7281	0.5409	0.4664
2925808	Queimadas	0.0000	0.5866	0.7324	0.5469	0.4665
2906303	Canavieiras	0.0000	0.6215	0.7204	0.5257	0.4669
2911907	Iaçu	0.0000	0.5737	0.7194	0.5747	0.4670
2921203	Miguel Calmon	0.0000	0.6019	0.7169	0.5498	0.4672
2922409	Mutuípe	0.0000	0.6188	0.7144	0.5362	0.4674
2932309	Ubatã	0.0000	0.6355	0.6909	0.5458	0.4681
2928406	Santa Rita de Cássia	0.0000	0.5840	0.7554	0.5379	0.4693
2928208	Santana	0.0000	0.6120	0.7212	0.5443	0.4694
2914901	Itacaré	0.0000	0.5900	0.7020	0.5863	0.4696
2916807	Itarantim	0.0000	0.5879	0.7378	0.5529	0.4697
2923605	Paramirim	0.0000	0.6160	0.7417	0.5252	0.4707
2908200	Conceição da Feira	0.0000	0.5847	0.7178	0.5813	0.4709
2926400	Riacho de Santana	0.0000	0.5879	0.7516	0.5445	0.4710
2921500	Monte Santo	0.0000	0.5996	0.7231	0.5641	0.4717
2914406	Iraquara	0.0000	0.6669	0.7079	0.5124	0.4718
2917359	Jaborandi	0.6748	0.6613	0.0000	0.5571	0.4733
2918100	Jeremoabo	0.0000	0.6194	0.7288	0.5511	0.4748
2914505	Irará	0.0000	0.6177	0.7296	0.5537	0.4753
2912103	Ibicaraí	0.0000	0.5930	0.7384	0.5736	0.4763
2920601	Maragogipe	0.0000	0.6222	0.7124	0.5766	0.4778
2932200	Ubaitaba	0.0000	0.6110	0.7399	0.5622	0.4783
2902708	Barra	0.0000	0.6120	0.7288	0.5734	0.4786
2902807	Barra da Estiva	0.0000	0.6224	0.7446	0.5534	0.4801
2902906	Barra do Choça	0.0000	0.6292	0.7231	0.5732	0.4814
2905800	Camamu	0.0000	0.6309	0.7266	0.5682	0.4814
2915809	Itambé	0.0000	0.6044	0.7479	0.5754	0.4819
2927705	Santa Cruz Cabrália	0.0000	0.6256	0.7075	0.5955	0.4821
2925501	Prado	0.0000	0.6298	0.7207	0.5817	0.4831
2902104	Araci	0.0000	0.6091	0.7456	0.5824	0.4843
2907806	Cícero Dantas	0.0000	0.6236	0.7488	0.5705	0.4857
2922904	Nova Soure	0.0000	0.7015	0.7194	0.5233	0.4861
2923803	Paripiranga	0.0000	0.6589	0.7337	0.5616	0.4886
2933604	Xique-Xique	0.0000	0.6123	0.7524	0.5934	0.4895
2926004	Remanso	0.0000	0.6324	0.7482	0.5795	0.4900
2913200	Ibotirama	0.0000	0.6354	0.7526	0.5750	0.4907
2927002	Rio Real	0.0000	0.6474	0.7351	0.5852	0.4920
2905602	Camacan	0.0000	0.6183	0.7587	0.5935	0.4926
2904050	Bonito	0.3232	0.5393	0.6182	0.4914	0.4930
2919306	Lençóis	0.2325	0.5540	0.6885	0.5022	0.4943
2922508	Nazaré	0.0000	0.6426	0.7550	0.5795	0.4943
2907301	Castro Alves	0.0000	0.6419	0.7457	0.5928	0.4951
2914653	Itabela	0.0000	0.6569	0.7249	0.6010	0.4957
2910503	Entre Rios	0.0000	0.6189	0.7368	0.6273	0.4957
2905008	Caculé	0.0000	0.6763	0.7364	0.5800	0.4982
2910602	Esplanada	0.0000	0.6423	0.7482	0.6042	0.4987
2906873	Capim Grosso	0.0000	0.6690	0.7339	0.5952	0.4995
2931905	Tucano	0.0000	0.6693	0.7400	0.5946	0.5010
2933208	Vera Cruz	0.0000	0.6690	0.7253	0.6113	0.5014
2912202	Ibicoara	0.1256	0.6121	0.6812	0.6029	0.5055
2925105	Poções	0.0000	0.6593	0.7723	0.5935	0.5063
2905305	Cafarnaum	0.3106	0.5709	0.6731	0.4825	0.5093
2917607	Jaguaquara	0.0000	0.6820	0.7613	0.5987	0.5105
2929909	Seabra	0.0000	0.6718	0.7719	0.6003	0.5110
2910701	Euclides da Cunha	0.0000	0.6747	0.7665	0.6051	0.5116
2931202	Taperoá	0.2974	0.5607	0.6770	0.5153	0.5126
2928109	Santa Maria da Vitória	0.0000	0.6746	0.7731	0.6095	0.5143
2926608	Ribeira do Pombal	0.0000	0.6782	0.7707	0.6143	0.5158
2920007	Maiquinique	0.3245	0.5965	0.6482	0.5084	0.5194
2913903	Ipiaú	0.0000	0.6793	0.7813	0.6216	0.5205
2913507	Iguaí	0.2527	0.5826	0.7167	0.5451	0.5243
2909901	Curaçá	0.2427	0.6104	0.6881	0.5641	0.5263
2905206	Caetité	0.0000	0.6924	0.7837	0.6341	0.5275
2928604	Santo Amaro	0.0000	0.6969	0.7919	0.6433	0.5330
2903904	Bom Jesus da Lapa	0.0000	0.6916	0.7905	0.6531	0.5338
2912905	Ibirataia	0.3250	0.5956	0.6864	0.5363	0.5358
2908606	Conde	0.3074	0.5936	0.6990	0.5556	0.5389
2921708	Morro do Chapéu	0.2577	0.6127	0.7404	0.5630	0.5435
2923357	Ourolândia	0.4060	0.6373	0.6268	0.5338	0.5510
2916856	Itatim	0.4635	0.6000	0.6298	0.5277	0.5552
2930204	Sento Sé	0.3609	0.6026	0.6999	0.5666	0.5575
2917102	Itororó	0.3622	0.5930	0.7146	0.5681	0.5595
2911709	Guanambi	0.0000	0.7395	0.8188	0.6814	0.5599
2932507	Una	0.3676	0.6018	0.7016	0.5774	0.5621
2904100	Boquira	0.4815	0.5645	0.6970	0.5225	0.5664
2915205	Itagibá	0.3445	0.6869	0.6831	0.5595	0.5685
2908903	Coração de Maria	0.4454	0.6028	0.7045	0.5348	0.5719
2922300	Muritiba	0.4059	0.6108	0.7215	0.5531	0.5728
2915502	Itajuípe	0.4540	0.6161	0.6980	0.5550	0.5808
2917300	Ituberá	0.3965	0.6336	0.7286	0.5791	0.5844
2921906	Mucugê	0.4864	0.5640	0.7320	0.5676	0.5875
2913705	Inhambupe	0.4389	0.6197	0.7311	0.5875	0.5943
2929701	Sátiro Dias	0.6069	0.5806	0.6566	0.5433	0.5969
2925758	Presidente Tancredo Neves	0.6347	0.6044	0.6250	0.5431	0.6018
2919801	Macaúbas	0.4527	0.6377	0.7533	0.5664	0.6025
2911204	Gandu	0.4448	0.6454	0.7424	0.5881	0.6052
2930105	Senhor do Bonfim	0.2445	0.7165	0.7981	0.6648	0.6060
2901106	Amélia Rodrigues	0.4935	0.6302	0.7365	0.5664	0.6066
2933000	Valente	0.5366	0.6063	0.7266	0.5738	0.6108
2911600	Governador Mangabeira	0.6043	0.6048	0.6815	0.5794	0.6175
2919504	Livramento de Nossa Senhora	0.4256	0.6652	0.7788	0.6007	0.6176
2921104	Medeiros Neto	0.4495	0.6856	0.7624	0.5772	0.6187
2914703	Itaberaba	0.3272	0.6995	0.7872	0.6656	0.6199
2906907	Caravelas	0.5487	0.6884	0.6953	0.5530	0.6213
2926202	Riachão das Neves	0.5920	0.6024	0.7461	0.5682	0.6272
2917706	Jaguarari	0.5073	0.7043	0.7257	0.5998	0.6343
2923001	Nova Viçosa	0.4302	0.7243	0.7530	0.6317	0.6348
2927200	Ruy Barbosa	0.5750	0.6557	0.7325	0.5921	0.6388
2919926	Madre de Deus	0.5558	0.6979	0.7209	0.5809	0.6388
2901007	Amargosa	0.5544	0.6423	0.7647	0.5947	0.6390
2926301	Riachão do Jacuípe	0.5779	0.6276	0.7646	0.5860	0.6390
2920502	Maracás	0.6699	0.6012	0.7348	0.5615	0.6419
2909802	Cruz das Almas	0.3639	0.7301	0.7939	0.6885	0.6441
2928000	Santaluz	0.6276	0.6380	0.7587	0.5655	0.6474
2930501	Serrinha	0.4344	0.7033	0.7953	0.6618	0.6487
2906006	Campo Formoso	0.4825	0.7533	0.7602	0.6096	0.6514
2914604	Irecê	0.3796	0.7448	0.8022	0.6810	0.6519
2914000	Ipirá	0.5528	0.6779	0.7745	0.6566	0.6655
2921005	Mata de São João	0.5131	0.6966	0.7519	0.7042	0.6664
2928802	Santo Estêvão	0.6115	0.6667	0.7613	0.6384	0.6695
2911105	Formosa do Rio Preto	0.6601	0.6260	0.7758	0.6171	0.6697
2929503	São Sebastião do Passé	0.5710	0.7692	0.7377	0.6263	0.6760
2924009	Paulo Afonso	0.4478	0.7454	0.8131	0.7028	0.6773
2907509	Catu	0.5388	0.7457	0.7690	0.6556	0.6773
2929305	São Gonçalo dos Campos	0.6333	0.7355	0.7378	0.6163	0.6807
2915601	Itamaraju	0.5947	0.7024	0.7756	0.6574	0.6825
2904902	Cachoeira	0.7402	0.6390	0.7519	0.5996	0.6827
2931350	Teixeira de Freitas	0.4146	0.7830	0.8196	0.7430	0.6901
2932903	Valença	0.5480	0.7457	0.7887	0.6802	0.6906
2907202	Casa Nova	0.6915	0.6680	0.7546	0.6541	0.6921
2925303	Porto Seguro	0.4758	0.7581	0.8285	0.7494	0.7030
2916401	Itapetinga	0.6119	0.7254	0.8037	0.6942	0.7088
2908408	Conceição do Coité	0.7251	0.6934	0.7854	0.6429	0.7117
2928901	São Desidério	0.7046	0.7322	0.7636	0.6537	0.7135
2908507	Conceição do Jacuípe	0.7238	0.7488	0.7279	0.6562	0.7142
2904605	Brumado	0.6419	0.7384	0.7970	0.6877	0.7163
2928703	Santo Antônio de Jesus	0.5471	0.7805	0.8112	0.7352	0.7185
2925204	Pojuca	0.7383	0.7887	0.7482	0.6489	0.7310
2909307	Correntina	0.8100	0.7455	0.7401	0.6311	0.7317
2918001	Jequié	0.5989	0.7845	0.8209	0.7404	0.7362
2917508	Jacobina	0.7655	0.7302	0.7986	0.6730	0.7418
2922003	Mucuri	0.9126	0.6867	0.7322	0.6549	0.7466
2918407	Juazeiro	0.6562	0.8014	0.8357	0.7645	0.7645
2914802	Itabuna	0.6791	0.8136	0.8597	0.7777	0.7825
2900702	Alagoinhas	0.6978	0.8841	0.8285	0.7405	0.7878
2910727	Eunápolis	0.8240	0.7888	0.8128	0.7319	0.7894
2933307	Vitória da Conquista	0.6570	0.8448	0.8627	0.8166	0.7953
2906501	Candeias	0.8751	0.8227	0.7992	0.7045	0.8004
2910057	Dias d'Ávila	0.9679	0.8062	0.7599	0.7014	0.8088
2913606	Ilhéus	0.8326	0.8191	0.8418	0.7632	0.8142
2919207	Lauro de Freitas	0.7021	0.8478	0.8455	0.8655	0.8152
2903201	Barreiras	0.8455	0.8036	0.8717	0.7530	0.8184
2919553	Luís Eduardo Magalhães	0.8932	0.8240	0.8434	0.7228	0.8208
2929206	São Francisco do Conde	0.8919	0.9879	0.7459	0.6767	0.8256
2930709	Simões Filho	0.8449	0.8875	0.8098	0.7609	0.8258
2910800	Feira de Santana	0.8037	0.8935	0.8867	0.8580	0.8605
2905701	Camaçari	1.0000	0.9531	0.8488	0.8276	0.9074
2927408	Salvador	0.9503	1.0000	1.0000	1.0000	0.9876
