cod_mun7	municipio	abertura_rank	arrecadacao_rank	bancaria_rank	empregos_rank	indica_rank
2912608	Ibiquera	0.0000	0.4145	0.0000	0.3988	0.2033
2919108	Lamarão	0.0000	0.4191	0.0000	0.4324	0.2129
2924108	Pedrão	0.0000	0.4305	0.0000	0.4329	0.2158
2909505	Cravolândia	0.0000	0.4418	0.0000	0.4357	0.2194
2919009	Lajedinho	0.0000	0.4588	0.0000	0.4207	0.2199
2900603	Aiquara	0.0000	0.4315	0.0000	0.4489	0.2201
2911253	Gavião	0.0000	0.4489	0.0000	0.4355	0.2211
2908804	Contendas do Sincorá	0.0000	0.4679	0.0000	0.4214	0.2223
2910206	Dom Macedo Costa	0.0000	0.4783	0.0000	0.4179	0.2241
2910776	Feira da Mata	0.0000	0.4743	0.0000	0.4240	0.2246
2913309	Ichu	0.0000	0.4677	0.0000	0.4361	0.2259
2922805	Nova Itarana	0.0000	0.4477	0.0000	0.4574	0.2263
2900900	Almadina	0.0000	0.4639	0.0000	0.4446	0.2271
2902302	Aratuípe	0.0000	0.4624	0.0000	0.4539	0.2291
2918704	Lafaiete Coutinho	0.0000	0.4733	0.0000	0.4433	0.2292
2928307	Santanópolis	0.0000	0.4855	0.0000	0.4322	0.2294
2907400	Catolândia	0.0000	0.4834	0.0000	0.4353	0.2297
2907558	Caturama	0.0000	0.5103	0.0000	0.4101	0.2301
2921609	Morpará	0.0000	0.4879	0.0000	0.4327	0.2301
2914208	Irajuba	0.0000	0.4814	0.0000	0.4432	0.2311
2915908	Itanagra	0.0000	0.4389	0.0000	0.4859	0.2312
2922755	Nova Ibiá	0.0000	0.4834	0.0000	0.4453	0.2322
2903953	Bom Jesus da Serra	0.0000	0.4787	0.0000	0.4506	0.2323
2906402	Candeal	0.0000	0.4744	0.0000	0.4611	0.2339
2901957	Apuarema	0.0000	0.5037	0.0000	0.4324	0.2340
2903102	Barra do Rocha	0.0000	0.4742	0.0000	0.4635	0.2344
2923308	Ouriçangas	0.0000	0.4962	0.0000	0.4465	0.2357
2922201	Muniz Ferreira	0.0000	0.4903	0.0000	0.4525	0.2357
2931400	Teodoro Sampaio	0.0000	0.4645	0.0000	0.4798	0.2361
2918506	Jussara	0.0000	0.5457	0.0000	0.3998	0.2364
2919959	Maetinga	0.0000	0.4961	0.0000	0.4496	0.2364
2921450	Mirante	0.0000	0.5003	0.0000	0.4474	0.2369
2916708	Itaquara	0.0000	0.4875	0.0000	0.4607	0.2370
2931103	Tanquinho	0.0000	0.4983	0.0000	0.4506	0.2372
2905107	Caém	0.0000	0.4876	0.0000	0.4672	0.2387
2911501	Gongogi	0.0000	0.4743	0.0000	0.4849	0.2398
2922854	Nova Redenção	0.0000	0.5146	0.0000	0.4470	0.2404
2918456	Jucuruçu	0.0000	0.4907	0.0000	0.4725	0.2408
2925931	Quixabeira	0.0000	0.4943	0.0000	0.4692	0.2409
2910909	Firmino Alves	0.0000	0.4615	0.0000	0.5022	0.2409
2919900	Macururé	0.0000	0.4782	0.0000	0.4858	0.2410
2920452	Mansidão	0.0000	0.5025	0.0000	0.4630	0.2414
2910305	Elísio Medrado	0.0000	0.5229	0.0000	0.4433	0.2416
2921054	Matina	0.0000	0.4969	0.0000	0.4694	0.2416
2933257	Vereda	0.0000	0.4947	0.0000	0.4728	0.2419
2915700	Itamari	0.0000	0.5130	0.0000	0.4570	0.2425
2929354	São José da Vitória	0.0000	0.5110	0.0000	0.4611	0.2430
2911303	Gentio do Ouro	0.0000	0.4990	0.0000	0.4746	0.2434
2904407	Brejolândia	0.0000	0.5143	0.0000	0.4602	0.2436
2926657	Ribeirão do Largo	0.0000	0.4852	0.0000	0.4902	0.2438
2918605	Jussiape	0.0000	0.5154	0.0000	0.4608	0.2441
2906899	Caraíbas	0.0000	0.5035	0.0000	0.4736	0.2443
2914307	Iramaia	0.0000	0.5162	0.0000	0.4614	0.2444
2930758	Sítio do Mato	0.0000	0.4900	0.0000	0.4883	0.2446
2904506	Brotas de Macaúbas	0.0000	0.5307	0.0000	0.4489	0.2449
2901809	Antônio Gonçalves	0.0000	0.5095	0.0000	0.4708	0.2451
2933174	Varzedo	0.0000	0.5217	0.0000	0.4599	0.2454
2918555	Jussari	0.0000	0.5001	0.0000	0.4819	0.2455
2924702	Piripá	0.0000	0.5235	0.0000	0.4591	0.2456
2924678	Piraí do Norte	0.0000	0.5091	0.0000	0.4770	0.2465
2911659	Guajeru	0.0000	0.5150	0.0000	0.4712	0.2465
2924652	Pintadas	0.0000	0.5104	0.0000	0.4784	0.2472
2902658	Banzaê	0.0000	0.5037	0.0000	0.4859	0.2474
2901502	Anguera	0.0000	0.4848	0.0000	0.5049	0.2474
2928505	Santa Terezinha	0.0000	0.5236	0.0000	0.4673	0.2477
2900108	Abaíra	0.0000	0.5256	0.0000	0.4655	0.2478
2909000	Cordeiros	0.0000	0.5275	0.0000	0.4647	0.2480
2905156	Caetanos	0.0000	0.5156	0.0000	0.4767	0.2481
2919058	Lajedo do Tabocal	0.0000	0.5257	0.0000	0.4667	0.2481
2900355	Adustina	0.0000	0.5004	0.0000	0.4923	0.2482
2930006	Sebastião Laranjeiras	0.0000	0.5185	0.0000	0.4761	0.2486
2928950	São Domingos	0.0000	0.5435	0.0000	0.4514	0.2487
2915353	Itaguaçu da Bahia	0.0000	0.5347	0.0000	0.4612	0.2490
2909703	Cristópolis	0.0000	0.5251	0.0000	0.4748	0.2500
2906105	Canápolis	0.0000	0.5083	0.0000	0.4923	0.2501
2927309	Salinas da Margarida	0.0000	0.5162	0.0000	0.4845	0.2502
2920809	Marcionílio Souza	0.0000	0.5281	0.0000	0.4728	0.2502
2916609	Itapitanga	0.0000	0.5004	0.0000	0.5005	0.2502
2918902	Lajedão	0.0000	0.5361	0.0000	0.4655	0.2504
2922250	Muquém do São Francisco	0.0000	0.5143	0.0000	0.4873	0.2504
2907004	Cardeal da Silva	0.0000	0.5359	0.0000	0.4659	0.2505
2903300	Barro Preto	0.0000	0.5304	0.0000	0.4769	0.2518
2930766	Sítio do Quinto	0.0000	0.5309	0.0000	0.4768	0.2519
2923902	Pau Brasil	0.0000	0.5152	0.0000	0.4925	0.2519
2929750	Saubara	0.0000	0.5058	0.0000	0.5037	0.2524
2932408	Uibaí	0.0000	0.5343	0.0000	0.4760	0.2526
2903235	Barro Alto	0.0000	0.5306	0.0000	0.4804	0.2528
2917805	Jaguaripe	0.0000	0.4958	0.0000	0.5153	0.2528
2916203	Itapé	0.0000	0.5105	0.0000	0.5018	0.2531
2901700	Antônio Cardoso	0.0000	0.5334	0.0000	0.4809	0.2536
2905503	Caldeirão Grande	0.0000	0.5186	0.0000	0.4970	0.2539
2900504	Érico Cardoso	0.0000	0.5626	0.0000	0.4571	0.2549
2913002	Ibitiara	0.0000	0.5594	0.0000	0.4618	0.2553
2903706	Boa Nova	0.0000	0.5224	0.0000	0.4988	0.2553
2913101	Ibititá	0.0000	0.5362	0.0000	0.4885	0.2562
2903805	Boa Vista do Tupim	0.0000	0.5111	0.0000	0.5147	0.2564
2902054	Araçás	0.0000	0.5274	0.0000	0.4986	0.2565
2915007	Itaeté	0.0000	0.5396	0.0000	0.4874	0.2568
2922730	Nova Fátima	0.0000	0.5627	0.0000	0.4654	0.2570
2918209	Jiquiriçá	0.0000	0.5476	0.0000	0.4830	0.2577
2923035	Novo Horizonte	0.0000	0.5718	0.0000	0.4595	0.2578
2903607	Biritinga	0.0000	0.5210	0.0000	0.5106	0.2579
2921401	Mirangaba	0.0000	0.5315	0.0000	0.5018	0.2583
2917409	Jacaraci	0.0000	0.5620	0.0000	0.4754	0.2593
2924058	Pé de Serra	0.0000	0.5436	0.0000	0.4961	0.2599
2923050	Novo Triunfo	0.0000	0.5651	0.0000	0.4750	0.2600
2901908	Aporá	0.0000	0.5335	0.0000	0.5068	0.2601
2933059	Várzea da Roça	0.0000	0.5539	0.0000	0.4875	0.2604
2907608	Central	0.0000	0.5400	0.0000	0.5018	0.2605
2902252	Arataca	0.0000	0.5276	0.0000	0.5143	0.2605
2904001	Boninal	0.0000	0.5524	0.0000	0.4896	0.2605
2906824	Canudos	0.0000	0.5519	0.0000	0.4902	0.2605
2918753	Lagoa Real	0.0000	0.5375	0.0000	0.5054	0.2607
2928059	Santa Luzia	0.0000	0.5465	0.0000	0.4972	0.2609
2920403	Manoel Vitorino	0.0000	0.5362	0.0000	0.5080	0.2611
2929404	São Miguel das Matas	0.0000	0.5609	0.0000	0.4841	0.2612
2909406	Cotegipe	0.0000	0.5365	0.0000	0.5116	0.2620
2917904	Jandaíra	0.0000	0.5602	0.0000	0.4883	0.2621
2916302	Itapebi	0.0000	0.5472	0.0000	0.5032	0.2626
2902005	Aracatu	0.0000	0.5428	0.0000	0.5097	0.2631
2902401	Aurelino Leal	0.0000	0.5626	0.0000	0.4901	0.2632
2909208	Coronel João Sá	0.0000	0.5439	0.0000	0.5130	0.2642
2904852	Cabaceiras do Paraguaçu	0.0000	0.5472	0.0000	0.5139	0.2653
2920205	Malhada	0.0000	0.5547	0.0000	0.5073	0.2655
2930600	Serrolândia	0.0000	0.5600	0.0000	0.5024	0.2656
2910859	Filadélfia	0.0000	0.5624	0.0000	0.5021	0.2661
2912707	Ibirapitanga	0.0000	0.5364	0.0000	0.5283	0.2662
2931509	Teofilândia	0.0000	0.5561	0.0000	0.5108	0.2667
2911857	Heliópolis	0.0000	0.5727	0.0000	0.4954	0.2670
2920908	Mascote	0.0000	0.5642	0.0000	0.5069	0.2678
2902203	Aramari	0.0000	0.6003	0.0000	0.4718	0.2680
2901601	Antas	0.0000	0.5781	0.0000	0.4958	0.2685
2911402	Glória	0.0000	0.5655	0.0000	0.5089	0.2686
2910750	Fátima	0.0000	0.5792	0.0000	0.4984	0.2694
2933158	Várzea Nova	0.0000	0.5776	0.0000	0.5015	0.2698
2906857	Capela do Alto Alegre	0.0000	0.5992	0.0000	0.4860	0.2713
2918308	Jitaúna	0.0000	0.5701	0.0000	0.5155	0.2714
2926509	Ribeira do Amparo	0.0000	0.5577	0.0000	0.5327	0.2726
2929370	São José do Jacuípe	0.0000	0.6252	0.0000	0.4705	0.2739
2925956	Rafael Jambeiro	0.0000	0.5639	0.0000	0.5363	0.2750
2933109	Várzea do Poço	0.0000	0.6574	0.0000	0.4435	0.2752
2913408	Igaporã	0.0138	0.5805	0.0000	0.5161	0.2776
2912301	Ibicuí	0.0000	0.5694	0.0000	0.5413	0.2777
2932457	Umburanas	0.0000	0.5764	0.0000	0.5360	0.2781
2906204	Canarana	0.0000	0.5890	0.0000	0.5273	0.2791
2911808	Guaratinga	0.0000	0.5676	0.0000	0.5498	0.2793
2918803	Laje	0.0000	0.6039	0.0000	0.5307	0.2836
2901353	Andorinha	0.0000	0.5798	0.0000	0.5576	0.2843
2920700	Maraú	0.0000	0.5905	0.0000	0.5536	0.2860
2922052	Mulungu do Morro	0.1273	0.5404	0.0000	0.4897	0.2894
2908200	Conceição da Feira	0.0000	0.6063	0.0000	0.5822	0.2971
2905404	Cairu	0.0000	0.6046	0.0000	0.5927	0.2993
2919603	Macajuba	0.2705	0.4900	0.0000	0.4522	0.3032
2913457	Igrapiúna	0.0000	0.6889	0.0000	0.5451	0.3085
2930907	Tabocas do Brejo Velho	0.1882	0.5787	0.0000	0.5088	0.3189
2912509	Ibipitanga	0.3906	0.5875	0.0000	0.4926	0.3677
2927804	Santa Cruz da Vitória	0.0000	0.4879	0.6157	0.4683	0.3930
2924900	Planaltino	0.0000	0.5022	0.6471	0.4329	0.3955
2904803	Caatiba	0.0000	0.4796	0.6291	0.4939	0.4007
2924207	Pedro Alexandre	0.0000	0.4735	0.6254	0.5045	0.4008
2907707	Chorrochó	0.0000	0.4976	0.6580	0.4542	0.4025
2915106	Itagi	0.0000	0.5274	0.6082	0.4822	0.4044
2910008	Dário Meira	0.0000	0.5003	0.6369	0.5019	0.4098
2911006	Floresta Azul	0.0000	0.5443	0.6166	0.4784	0.4098
2929057	São Félix do Coribe	0.4687	0.6077	0.0000	0.5635	0.4100
2926103	Retirolândia	0.5632	0.5682	0.0000	0.5180	0.4124
2933406	Wagner	0.0000	0.5287	0.6683	0.4583	0.4138
2915403	Itaju do Colônia	0.0000	0.5423	0.6311	0.4852	0.4146
2927903	Santa Inês	0.0000	0.5249	0.6770	0.4573	0.4148
2920304	Malhada de Pedras	0.0000	0.5155	0.6734	0.4709	0.4150
2904753	Buritirama	0.0000	0.5157	0.6394	0.5082	0.4158
2901155	América Dourada	0.0000	0.5127	0.6846	0.4668	0.4160
2931707	Terra Nova	0.5431	0.5941	0.0000	0.5307	0.4170
2925709	Presidente Jânio Quadros	0.0000	0.5190	0.6833	0.4663	0.4171
2904308	Brejões	0.0000	0.5322	0.6490	0.4875	0.4172
2921302	Milagres	0.0000	0.5276	0.6513	0.4901	0.4172
2917334	Iuiu	0.0000	0.5562	0.6341	0.4801	0.4176
2913804	Ipecaetá	0.0000	0.4952	0.6654	0.5112	0.4179
2900405	Água Fria	0.0000	0.5348	0.6109	0.5285	0.4185
2929701	Sátiro Dias	0.5791	0.5521	0.0000	0.5446	0.4190
2927101	Rodelas	0.0000	0.5519	0.6542	0.4729	0.4197
2927606	Santa Brígida	0.0000	0.5580	0.6255	0.5002	0.4209
2931806	Tremedal	0.0000	0.5444	0.6507	0.4919	0.4217
2925402	Potiraguá	0.0000	0.5149	0.6592	0.5154	0.4224
2910107	Dom Basílio	0.0000	0.5712	0.6240	0.4965	0.4229
2915304	Itagimirim	0.0000	0.5197	0.6687	0.5069	0.4238
2930402	Serra Preta	0.0000	0.5281	0.6783	0.4893	0.4239
2929255	São Gabriel	0.0000	0.5506	0.6396	0.5068	0.4243
2922607	Nilo Peçanha	0.0000	0.5514	0.6628	0.4932	0.4268
2904209	Botuporã	0.0000	0.5404	0.7342	0.4335	0.4270
2900207	Abaré	0.0000	0.5537	0.6455	0.5090	0.4271
2925253	Ponto Novo	0.0000	0.5521	0.6426	0.5141	0.4272
2931301	Tapiramutá	0.0000	0.5407	0.6724	0.4982	0.4278
2912400	Ibipeba	0.0000	0.5509	0.6794	0.4899	0.4301
2931608	Teolândia	0.0000	0.5490	0.6630	0.5100	0.4305
2930808	Souto Soares	0.0000	0.5319	0.7145	0.4762	0.4306
2926806	Rio do Antônio	0.0000	0.5330	0.7044	0.4906	0.4320
2903003	Barra do Mendes	0.0000	0.5220	0.7257	0.4829	0.4326
2916906	Itiruçu	0.0000	0.5777	0.6590	0.4952	0.4330
2929800	Saúde	0.0000	0.5188	0.7331	0.4821	0.4335
2926905	Rio do Pires	0.0000	0.5536	0.7064	0.4775	0.4344
2904050	Bonito	0.0000	0.5969	0.6402	0.5009	0.4345
2925907	Quijingue	0.0000	0.5499	0.6786	0.5108	0.4348
2900306	Acajutiba	0.0000	0.5440	0.7170	0.4811	0.4355
2901304	Andaraí	0.0000	0.5207	0.7004	0.5218	0.4357
2909109	Coribe	0.0000	0.5712	0.6758	0.4962	0.4358
2909604	Crisópolis	0.0000	0.5590	0.6728	0.5202	0.4380
2921807	Mortugaba	0.0000	0.5743	0.6993	0.4798	0.4383
2920106	Mairi	0.0000	0.5453	0.7078	0.5048	0.4395
2924504	Pindaí	0.0532	0.5613	0.6835	0.4621	0.4400
2923506	Palmeiras	0.0000	0.6149	0.6770	0.4713	0.4408
2912004	Ibiassucê	0.0000	0.5647	0.7086	0.4909	0.4411
2902500	Baianópolis	0.0000	0.5420	0.7358	0.4895	0.4418
2910404	Encruzilhada	0.0000	0.5688	0.6681	0.5315	0.4421
2906600	Candiba	0.0000	0.5858	0.7145	0.4688	0.4423
2926707	Rio de Contas	0.0000	0.5541	0.7483	0.4699	0.4431
2907905	Cipó	0.0000	0.5745	0.6945	0.5035	0.4431
2925600	Presidente Dutra	0.0000	0.5529	0.7338	0.4886	0.4438
2927507	Santa Bárbara	0.0000	0.5509	0.6983	0.5263	0.4439
2924306	Piatã	0.0000	0.5865	0.7076	0.4901	0.4460
2920007	Maiquinique	0.0000	0.6158	0.6555	0.5141	0.4463
2918357	João Dourado	0.0000	0.6140	0.6374	0.5353	0.4467
2923100	Olindina	0.0000	0.6084	0.6588	0.5210	0.4470
2922656	Nordestina	0.6963	0.5994	0.0000	0.4933	0.4473
2905305	Cafarnaum	0.0000	0.5748	0.7175	0.4970	0.4473
2917201	Ituaçu	0.0000	0.5695	0.6897	0.5305	0.4474
2923357	Ourolândia	0.0000	0.6047	0.6584	0.5310	0.4485
2933505	Wenceslau Guimarães	0.0000	0.5541	0.7159	0.5247	0.4487
2933455	Wanderley	0.0000	0.5653	0.7308	0.5010	0.4493
2924801	Piritiba	0.0000	0.5752	0.7291	0.4988	0.4508
2922102	Mundo Novo	0.0000	0.5634	0.7385	0.5083	0.4526
2930303	Serra Dourada	0.0000	0.5688	0.7256	0.5170	0.4529
2922706	Nova Canaã	0.0000	0.5473	0.7615	0.5035	0.4531
2901403	Angical	0.0000	0.5576	0.7457	0.5100	0.4533
2932101	Ubaíra	0.0000	0.5889	0.7038	0.5209	0.4534
2923407	Palmas de Monte Alto	0.0000	0.5908	0.7059	0.5188	0.4539
2901205	Anagé	0.0000	0.5799	0.7115	0.5248	0.4541
2929008	São Félix	0.0000	0.5424	0.7210	0.5535	0.4542
2903508	Belo Campo	0.0000	0.5866	0.7305	0.5038	0.4552
2931053	Tanque Novo	0.0000	0.6456	0.6692	0.5112	0.4565
2913507	Iguaí	0.0000	0.5736	0.7170	0.5431	0.4584
2905909	Campo Alegre de Lourdes	0.0000	0.5977	0.7097	0.5290	0.4591
2929107	São Felipe	0.0000	0.6043	0.6992	0.5333	0.4592
2923209	Oliveira dos Brejinhos	0.0000	0.5820	0.7304	0.5277	0.4600
2916104	Itaparica	0.0000	0.5665	0.7093	0.5649	0.4602
2919405	Licínio de Almeida	0.0000	0.6097	0.7390	0.4940	0.4607
2919702	Macarani	0.0000	0.5655	0.7245	0.5574	0.4618
2912905	Ibirataia	0.0000	0.6088	0.6909	0.5502	0.4625
2924405	Pilão Arcado	0.0000	0.5573	0.7390	0.5573	0.4634
2932606	Urandi	0.0000	0.6228	0.7225	0.5095	0.4637
2904704	Buerarema	0.0000	0.6305	0.6725	0.5523	0.4638
2925006	Planalto	0.0000	0.6063	0.7057	0.5471	0.4648
2920601	Maragogipe	0.0000	0.5864	0.7285	0.5476	0.4656
2916500	Itapicuru	0.0000	0.6048	0.7054	0.5526	0.4657
2908002	Coaraci	0.0000	0.5741	0.7389	0.5506	0.4659
2932002	Uauá	0.0000	0.6020	0.7340	0.5378	0.4685
2923704	Paratinga	0.0000	0.6055	0.7237	0.5453	0.4686
2903276	Barrocas	0.7295	0.6036	0.0000	0.5414	0.4687
2928406	Santa Rita de Cássia	0.0000	0.5913	0.7518	0.5318	0.4687
2929602	Sapeaçu	0.0000	0.6256	0.7150	0.5350	0.4689
2932804	Utinga	0.0000	0.6305	0.7190	0.5282	0.4694
2908705	Condeúba	0.0000	0.5851	0.7446	0.5487	0.4696
2906709	Cândido Sales	0.0000	0.6085	0.7295	0.5409	0.4697
2931004	Tanhaçu	0.0000	0.5981	0.7425	0.5386	0.4698
2925808	Queimadas	0.0000	0.6028	0.7366	0.5423	0.4704
2903409	Belmonte	0.0000	0.6215	0.7150	0.5476	0.4710
2921203	Miguel Calmon	0.0000	0.6000	0.7355	0.5504	0.4715
2911907	Iaçu	0.0000	0.5850	0.7334	0.5731	0.4729
2926400	Riacho de Santana	0.0000	0.5998	0.7604	0.5314	0.4729
2917359	Jaborandi	0.6595	0.6632	0.0000	0.5730	0.4739
2906808	Cansanção	0.0000	0.6086	0.7300	0.5605	0.4748
2912806	Ibirapuã	0.6529	0.6877	0.0000	0.5599	0.4751
2922409	Mutuípe	0.0000	0.6203	0.7408	0.5400	0.4753
2917003	Itiúba	0.0000	0.6024	0.7474	0.5522	0.4755
2907103	Carinhanha	0.0000	0.6174	0.7519	0.5329	0.4756
2932309	Ubatã	0.0000	0.6231	0.7276	0.5528	0.4759
2912103	Ibicaraí	0.0000	0.5848	0.7597	0.5630	0.4769
2930154	Serra do Ramalho	0.0000	0.6058	0.7259	0.5765	0.4771
2930774	Sobradinho	0.0772	0.6150	0.6714	0.5482	0.4780
2923605	Paramirim	0.0000	0.6159	0.7608	0.5391	0.4790
2932507	Una	0.0000	0.6200	0.7067	0.5906	0.4793
2922300	Muritiba	0.0000	0.6129	0.7353	0.5693	0.4794
2928208	Santana	0.0000	0.6265	0.7493	0.5418	0.4794
2916005	Itanhém	0.0000	0.6479	0.7407	0.5335	0.4805
2902708	Barra	0.0000	0.6004	0.7478	0.5772	0.4814
2906303	Canavieiras	0.0000	0.6270	0.7328	0.5750	0.4837
2914901	Itacaré	0.0000	0.6162	0.7212	0.5978	0.4838
2914505	Irará	0.0000	0.6233	0.7533	0.5603	0.4842
2932200	Ubaitaba	0.0000	0.6247	0.7449	0.5683	0.4845
2902807	Barra da Estiva	0.0000	0.6276	0.7737	0.5469	0.4871
2923803	Paripiranga	0.0000	0.6367	0.7571	0.5557	0.4874
2921500	Monte Santo	0.0000	0.6310	0.7464	0.5736	0.4877
2917300	Ituberá	0.0000	0.6449	0.7356	0.5718	0.4881
2918100	Jeremoabo	0.0000	0.6184	0.7606	0.5775	0.4891
2922508	Nazaré	0.0000	0.6179	0.7671	0.5725	0.4894
2913705	Inhambupe	0.0000	0.6205	0.7558	0.5822	0.4896
2902104	Araci	0.0000	0.6103	0.7621	0.5868	0.4898
2925501	Prado	0.0000	0.6120	0.7428	0.6086	0.4909
2905602	Camacan	0.0000	0.6188	0.7683	0.5786	0.4914
2913200	Ibotirama	0.0000	0.6299	0.7647	0.5755	0.4925
2906907	Caravelas	0.0000	0.6916	0.7070	0.5738	0.4931
2907806	Cícero Dantas	0.0000	0.6385	0.7717	0.5656	0.4939
2902906	Barra do Choça	0.0000	0.6620	0.7276	0.5869	0.4941
2926202	Riachão das Neves	0.0000	0.6422	0.7661	0.5756	0.4960
2927002	Rio Real	0.0000	0.6429	0.7523	0.5939	0.4973
2919801	Macaúbas	0.0000	0.6435	0.7775	0.5695	0.4976
2933604	Xique-Xique	0.0000	0.6314	0.7695	0.5907	0.4979
2931905	Tucano	0.0000	0.6439	0.7593	0.5929	0.4990
2927705	Santa Cruz Cabrália	0.0000	0.6677	0.7237	0.6071	0.4996
2910503	Entre Rios	0.0000	0.6464	0.7551	0.6181	0.5049
2915502	Itajuípe	0.1615	0.6035	0.7210	0.5487	0.5087
2905008	Caculé	0.0000	0.6915	0.7560	0.5885	0.5090
2910602	Esplanada	0.0000	0.6550	0.7649	0.6177	0.5094
2926004	Remanso	0.0000	0.6873	0.7600	0.5991	0.5116
2917607	Jaguaquara	0.0000	0.6721	0.7759	0.6045	0.5131
2906873	Capim Grosso	0.0000	0.6778	0.7685	0.6066	0.5132
2901007	Amargosa	0.0000	0.6658	0.7806	0.6067	0.5133
2933208	Vera Cruz	0.0000	0.6964	0.7449	0.6136	0.5137
2910701	Euclides da Cunha	0.0000	0.6788	0.7845	0.6076	0.5177
2911204	Gandu	0.0624	0.6639	0.7600	0.5899	0.5191
2921104	Medeiros Neto	0.0000	0.7075	0.7820	0.5902	0.5199
2925105	Poções	0.0000	0.6766	0.7950	0.6083	0.5200
2923001	Nova Viçosa	0.0000	0.6806	0.7656	0.6352	0.5204
2929909	Seabra	0.0000	0.6826	0.7850	0.6158	0.5209
2928109	Santa Maria da Vitória	0.0000	0.6860	0.7820	0.6175	0.5214
2913903	Ipiaú	0.0000	0.6777	0.7916	0.6225	0.5229
2905206	Caetité	0.0000	0.6796	0.8038	0.6098	0.5233
2924603	Pindobaçu	0.2940	0.5594	0.7175	0.5259	0.5242
2926608	Ribeira do Pombal	0.0000	0.6890	0.7905	0.6210	0.5251
2919306	Lençóis	0.3380	0.5856	0.7014	0.5171	0.5355
2911600	Governador Mangabeira	0.2854	0.5917	0.6993	0.5827	0.5398
2902609	Baixa Grande	0.3593	0.5693	0.7227	0.5134	0.5412
2914109	Ipupiara	0.3866	0.6053	0.7216	0.4924	0.5515
2921708	Morro do Chapéu	0.2044	0.6540	0.7555	0.5990	0.5532
2904100	Boquira	0.3839	0.5825	0.7157	0.5331	0.5538
2932705	Uruçuca	0.3850	0.6353	0.6622	0.5418	0.5561
2909802	Cruz das Almas	0.0000	0.7310	0.8112	0.6870	0.5573
2907301	Castro Alves	0.2428	0.6331	0.7678	0.5915	0.5588
2912202	Ibicoara	0.3764	0.5826	0.7024	0.5752	0.5592
2909901	Curaçá	0.3848	0.6134	0.7015	0.5707	0.5676
2908309	Conceição do Almeida	0.4691	0.5791	0.6742	0.5529	0.5688
2915205	Itagibá	0.5116	0.5462	0.6979	0.5424	0.5746
2908101	Cocos	0.2491	0.7732	0.6998	0.5787	0.5752
2931202	Taperoá	0.5618	0.5612	0.6947	0.4978	0.5789
2915809	Itambé	0.4110	0.5920	0.7580	0.5626	0.5809
2908606	Conde	0.5216	0.5736	0.7055	0.5590	0.5899
2928604	Santo Amaro	0.2260	0.7011	0.8163	0.6313	0.5937
2908903	Coração de Maria	0.5135	0.5992	0.7013	0.5613	0.5938
2917102	Itororó	0.4415	0.6337	0.7375	0.5703	0.5957
2916856	Itatim	0.5807	0.6153	0.6563	0.5326	0.5962
2925758	Presidente Tancredo Neves	0.5805	0.6283	0.6425	0.5490	0.6001
2930204	Sento Sé	0.5117	0.5957	0.7243	0.5733	0.6013
2914406	Iraquara	0.4145	0.7209	0.7468	0.5230	0.6013
2914000	Ipirá	0.2905	0.6911	0.7904	0.6472	0.6048
2914653	Itabela	0.4077	0.6601	0.7518	0.6047	0.6061
2916807	Itarantim	0.5207	0.5911	0.7392	0.5743	0.6063
2930105	Senhor do Bonfim	0.2318	0.7171	0.8164	0.6632	0.6071
2919157	Lapão	0.5397	0.6293	0.7303	0.5308	0.6075
2917706	Jaguarari	0.3959	0.7256	0.7177	0.6044	0.6109
2901106	Amélia Rodrigues	0.4932	0.6386	0.7411	0.5809	0.6134
2921906	Mucugê	0.5765	0.5834	0.7287	0.5806	0.6173
2930501	Serrinha	0.2990	0.7149	0.8110	0.6636	0.6221
2922904	Nova Soure	0.6419	0.5872	0.7344	0.5284	0.6230
2919926	Madre de Deus	0.5610	0.6283	0.7233	0.5824	0.6237
2919504	Livramento de Nossa Senhora	0.4258	0.6756	0.7954	0.6025	0.6248
2905800	Camamu	0.5367	0.6523	0.7433	0.5670	0.6248
2914604	Irecê	0.2415	0.7554	0.8217	0.6912	0.6275
2911105	Formosa do Rio Preto	0.4897	0.6333	0.7746	0.6174	0.6287
2927200	Ruy Barbosa	0.5236	0.6508	0.7546	0.5878	0.6292
2933000	Valente	0.6035	0.6142	0.7230	0.5840	0.6312
2926301	Riachão do Jacuípe	0.5253	0.6386	0.7819	0.5970	0.6357
2903904	Bom Jesus da Lapa	0.3794	0.7101	0.8030	0.6599	0.6381
2900801	Alcobaça	0.6428	0.6396	0.7262	0.5483	0.6392
2928000	Santaluz	0.6035	0.6470	0.7878	0.5755	0.6535
2929503	São Sebastião do Passé	0.5963	0.6797	0.7298	0.6148	0.6551
2928802	Santo Estêvão	0.5399	0.6703	0.7803	0.6548	0.6614
2924009	Paulo Afonso	0.3599	0.7529	0.8326	0.7088	0.6636
2906006	Campo Formoso	0.5167	0.7479	0.7771	0.6175	0.6648
2914703	Itaberaba	0.5196	0.7005	0.7990	0.6708	0.6725
2921005	Mata de São João	0.5086	0.7240	0.7643	0.7059	0.6757
2904902	Cachoeira	0.7283	0.6505	0.7565	0.6007	0.6840
2915601	Itamaraju	0.5762	0.7172	0.7912	0.6556	0.6851
2920502	Maracás	0.7790	0.6400	0.7545	0.5785	0.6880
2911709	Guanambi	0.4974	0.7472	0.8323	0.6891	0.6915
2929305	São Gonçalo dos Campos	0.6124	0.7449	0.7574	0.6526	0.6918
2907202	Casa Nova	0.7263	0.6706	0.7679	0.6615	0.7066
2932903	Valença	0.5699	0.7613	0.8050	0.6903	0.7066
2908408	Conceição do Coité	0.6957	0.6945	0.8032	0.6378	0.7078
2907509	Catu	0.5200	0.9182	0.7834	0.6551	0.7192
2916401	Itapetinga	0.6353	0.7413	0.8197	0.6958	0.7231
2909307	Correntina	0.7437	0.7602	0.7587	0.6351	0.7244
2908507	Conceição do Jacuípe	0.7502	0.7336	0.7628	0.6541	0.7252
2925303	Porto Seguro	0.5568	0.7780	0.8434	0.7610	0.7348
2904605	Brumado	0.6823	0.7508	0.8145	0.7009	0.7371
2931350	Teixeira de Freitas	0.5823	0.7830	0.8390	0.7472	0.7379
2922003	Mucuri	0.8020	0.7424	0.7414	0.6667	0.7381
2928901	São Desidério	0.7867	0.7163	0.7900	0.6652	0.7396
2925204	Pojuca	0.7712	0.7841	0.7544	0.6518	0.7404
2918001	Jequié	0.6809	0.7917	0.8372	0.7410	0.7627
2928703	Santo Antônio de Jesus	0.7032	0.7877	0.8285	0.7353	0.7637
2917508	Jacobina	0.8282	0.7351	0.8157	0.6862	0.7663
2910057	Dias d'Ávila	0.9036	0.8096	0.7750	0.7013	0.7974
2918407	Juazeiro	0.7570	0.8113	0.8529	0.7732	0.7986
2910727	Eunápolis	0.8596	0.7852	0.8326	0.7372	0.8037
2900702	Alagoinhas	0.7197	0.9068	0.8494	0.7494	0.8063
2929206	São Francisco do Conde	0.8484	0.9647	0.7526	0.6693	0.8088
2914802	Itabuna	0.7808	0.8167	0.8731	0.7843	0.8137
2933307	Vitória da Conquista	0.6931	0.8570	0.8824	0.8238	0.8141
2906501	Candeias	0.9022	0.8412	0.8145	0.7028	0.8152
2930709	Simões Filho	0.8056	0.8879	0.8135	0.7681	0.8188
2903201	Barreiras	0.8637	0.8131	0.8878	0.7583	0.8307
2919207	Lauro de Freitas	0.7586	0.8496	0.8618	0.8557	0.8314
2913606	Ilhéus	0.8918	0.8158	0.8544	0.7652	0.8318
2919553	Luís Eduardo Magalhães	0.9293	0.8304	0.8635	0.7370	0.8401
2910800	Feira de Santana	0.8192	0.8949	0.9079	0.8610	0.8708
2905701	Camaçari	1.0000	0.9465	0.8652	0.8235	0.9088
2927408	Salvador	0.8543	1.0000	1.0000	1.0000	0.9636
